4.155011044918360819e-01 4.414922996625812446e-01 -1.897868284865195931e-01 -4.762670789189603626e-01
2.867510298365083532e-01 -2.111442671360049539e-01 -3.075646788545527421e-01 6.511988746691506069e-01
-1.478793200391258500e-01 1.065526648815094402e-01 9.517940574453058467e-02 4.024247975092349328e-01
-3.712631097579766060e-01 -2.657245136160262811e-01 -2.840249480661529713e-01 -3.720431615138869996e-01
2.129343262991195695e-02 -4.523106150679808736e-03 -3.896099063576203836e-01 7.173203540977820536e-01
4.653603583055137549e-01 6.072978369284771638e-01 2.111096031135575868e-01 -4.984464718403787409e-02
-3.125005407138186642e-01 1.520829730884508402e-02 7.706086572777042232e-01 1.535425899262712335e-01
-2.876400432029762033e-01 -4.670624501845077048e-01 -4.377978232633056299e-01 3.706727692765763305e-01
1.307766140648044806e-01 3.144092668415274794e-01 2.393710167559386925e-01 4.915693288688390838e-01
-1.509668223303520240e-01 -1.357185415203367163e-01 -7.861597422417544723e-02 -1.620145111943667796e-02
2.864152723879134221e-01 3.262758552296123327e-01 -4.123384397776473920e-01 2.282211992369095332e-01
-1.602688550589672078e-01 -4.272637209983706219e-01 -2.173160297486132764e-01 2.808655783711146506e-02
4.278424697537248633e-01 5.619984309892150920e-01 -5.754729705118215299e-02 1.022036214497127615e-01
-2.292323502292237247e-01 -5.964055042541014373e-01 9.575505960668868888e-02 1.658449802326168177e-01
-3.743301683964282423e-01 -3.875238484050877452e-01 4.862242348046144635e-01 2.610957143263728519e-01
-1.562128838324985947e-01 -1.193052077807733452e-01 3.989097267506349631e-01 4.460219252945797908e-01
2.236698750014642356e-01 -1.145241502917251630e-01 -5.986929185783791407e-01 4.314270522229100152e-02
-2.031868897423676212e-01 -1.338113175544676792e-01 7.102346140778399708e-02 7.050099832302050284e-01
3.797685978423360337e-02 2.684472709901765397e-02 -4.783275103818013241e-01 2.346114888956084554e-01
9.458621591055250966e-02 8.403642876455180710e-02 -8.727881610795945599e-02 6.479020189763722015e-02
-1.544326536558208729e-01 -2.771329184559894743e-01 -5.707889674741855046e-01 -3.380353817080327672e-01
2.722635242799209543e-01 1.941459153094178824e-01 4.490249167702414779e-01 -1.496183703653613528e-01
3.770501277444089638e-02 2.157948169312838560e-01 1.021826745922616853e-01 -3.809636043727179233e-01
2.560254651237215406e-01 6.170697951744613663e-01 5.129330798275081316e-01 1.459335954791354893e-03
1.976601232674424780e-01 1.139085606763677455e-01 -3.174575248160466656e-01 -3.128750909618334686e-01
1.602205586029105122e-01 6.775718468590198607e-02 -9.231466061097851061e-02 1.668829582138372236e-01
2.592965176844179084e-02 -4.683144474327414347e-02 2.434400164249914678e-01 5.385483734826599367e-01
-7.793375715449239738e-02 -5.098067151732322416e-02 7.841999297097537736e-02 4.797329902663801104e-01
1.650232745345436847e-01 2.042153377551322313e-01 -1.873782213301617428e-01 -4.115195128703357796e-01
-3.050515047303704597e-01 -5.944456232127013351e-01 -2.576527229006175812e-01 8.013844632351435626e-01
-2.219309725957938073e-01 8.558300520078167273e-02 -3.439889445483666069e-02 -1.811966924537693202e-01
-2.863682957503933535e-01 1.758793527657252498e-01 2.224746189155040466e-01 -1.335494689709535443e-01
