3.754729441841898607e-01 -8.897022956759567669e-02 4.969784722290639944e-01
3.230817548032922093e-01 -1.115439962784537109e-01 -4.360522031131895959e-01
-1.916554314382460100e-01 3.174423739186476023e-01 -2.497395338272347665e-01
-1.340486027225532839e-01 -5.839856328321396672e-01 -5.731664893263259675e-01
-3.996094020410932979e-01 -4.318890466387038107e-01 6.136871342296682519e-01
-2.351364959659499876e-01 -3.848033991806763116e-02 7.640118782727801650e-01
-3.414029450354074680e-01 4.367921460203497697e-01 1.942138455580596779e-01
-4.009029958560818563e-01 1.810393678514305923e-02 -3.535528639959135688e-01
-6.933400543000040051e-02 -1.469377717230116731e-01 1.540317302723959725e-01
-3.863319302723363657e-01 2.061993951571156891e-01 -4.569792002267966113e-01
1.235685223929834931e-01 4.322414518608140299e-01 1.234570870667507370e-01
6.312989015792991321e-02 5.407270914499123782e-01 5.442061956571666581e-01
4.001319619316927034e-01 2.550035584579549708e-01 -3.971090966265193312e-01
1.439624455227133948e-01 -2.232408000679671767e-01 1.869077748714833009e-01
3.027152742015301254e-02 5.131904986395445789e-01 2.503240892652111027e-01
-4.736895690074684473e-01 5.769080648008103607e-01 5.152257836453655836e-03
-2.679698047858258131e-02 -2.357285173424206459e-01 -4.052164771849100511e-01
2.146739716391333486e-01 4.654948104284620802e-01 5.184772386142174477e-02
-1.717472377814661111e-01 -2.730338435499309047e-02 6.569367951468041422e-02
3.059773661897155494e-01 3.826376055986668301e-01 9.715522705587412156e-02
-2.366998670672772753e-01 -1.588221383482700533e-01 1.578583698078414588e-01
4.519426746641958328e-03 -2.751218225228113101e-01 -2.214993639238735379e-01
-3.709834565436507386e-02 -1.233624755066248385e-01 2.008098370917963948e-01
1.130249154301888742e-01 -3.541363202031633794e-01 -5.946323005742951695e-01
1.559255614493423037e-01 9.440936715102080101e-02 3.863412153605758070e-01
-1.786096322994594754e-01 -2.197408419814682670e-02 6.414223630975822710e-01
3.901521978690863229e-02 1.551993718328111178e-02 7.808959591442640735e-02
-1.118398595922504429e-01 1.760067072004627697e-01 -7.004084435616632076e-01
9.416658053725725230e-02 -6.419308849651100823e-02 -3.087329039505212758e-01
8.726498502317206474e-02 5.041818770351262913e-01 6.045531274442676739e-02
2.971677550282270652e-01 4.542849039816669876e-01 -7.437705710913860013e-01
5.709098526039629168e-02 2.358642879745653509e-01 4.327283541838749525e-01
