2.076195032441454924e-01 -9.440831729355716670e-03 5.181868509224620001e-02 9.020961557786815188e-01 9.440718859224989101e-02
1.758640277782450023e-01 5.788665999418178831e-01 6.976157510199109124e-01 7.061058905283253972e-01 -1.470301295518713081e-01
-3.001036858049922484e-01 -4.115248746425791831e-02 3.821768840533957268e-01 1.486808725209022020e-01 6.163890829719036457e-01
-2.387602574524481380e-01 -2.322253339812512529e-01 -6.979451931794586894e-01 5.109261083235584477e-01 -7.629109148310693200e-01
2.168523837493052941e-01 -6.184015890427507767e-01 -4.539414717203117955e-01 2.661343859461017258e-01 3.650657341457009264e-01
5.578936591304459180e-02 5.014280706663347686e-01 8.003184116588039076e-01 -2.033590284424618977e-01 3.673783279865623919e-01
3.678487033906363002e-01 2.627700156941922827e-01 2.305391505225524648e-02 -5.724771288547993997e-01 3.719818241788794277e-01
3.369973890334009847e-01 2.160339227636054182e-01 6.618584208038377215e-01 5.563254152077760084e-01 -2.968254558504552221e-01
-3.882899210617288266e-02 3.124180760364644524e-02 1.142723704804230050e-01 -5.962531751429741567e-01 -6.536091727740277468e-01
-3.417873792434855118e-01 3.111311851456399769e-01 7.511476479506704607e-01 1.766056652236722979e-01 -7.683618221780309510e-01
1.906494091491958698e-02 5.635234700456383944e-02 -2.102406605947070295e-01 -3.493436284642483791e-01 1.883125038421795128e-01
7.217659647680961521e-02 4.012808475593757085e-01 2.477428285526129814e-01 4.028224145918956611e-01 1.674186430040708606e-01
-7.546564554934329094e-02 4.515453859714357310e-01 8.245516824960558155e-01 5.499741013452211780e-01 -3.759651044575721412e-01
-2.446766609919686641e-01 -1.281943239437569396e-02 8.054529104442876841e-01 -3.547077598127678089e-01 1.758899676050357797e-01
-1.026119713421982799e-01 -2.672920387823658483e-01 -6.046644382882181146e-02 1.372039785802342537e-01 -4.398036311506919871e-01
3.555906072366125659e-01 4.292567805212045284e-01 -1.814039763604476385e-01 -4.582270863392494675e-01 4.762911589444571714e-01
-8.491949904574221109e-02 -6.345269199476927247e-01 -3.213222378401200518e-03 2.926689405227014262e-01 2.693539696934106331e-01
3.024350168734000199e-01 3.623541275968666930e-01 -2.979022209373446417e-01 -3.282372838514202029e-01 3.040839093434778428e-01
3.293905866000619853e-01 1.010645832190271709e-01 -5.731415129021210086e-01 -4.970755578495492100e-01 5.472319506146922086e-01
5.685183293821628042e-02 1.438788265796256682e-01 1.249483924769718146e-01 -1.238336783320919954e-01 -4.908573768774033841e-01
7.397139100372622511e-02 -2.952774985223096671e-01 -1.349776844527678099e-01 8.597135976995106121e-01 2.681966037265021696e-01
4.179771368374814999e-01 2.665158794647877749e-01 -2.567672484287897849e-01 7.634054829188920144e-02 9.681437257115387274e-01
-3.347480672250074951e-01 5.689357451892859130e-01 -4.421999366261953890e-01 -2.451998648902125877e-01 -4.519766356300472521e-01
-3.347396131377397555e-01 -3.028499920596253725e-01 -3.388713434146933823e-01 -7.447731490034098512e-01 4.272744633549187543e-01
2.621440178174598845e-01 -3.171151361379060951e-01 -2.327707566047029775e-01 -3.663799068639821410e-01 9.731704204967059901e-01
-2.185253607672367204e-01 6.848252193100140550e-02 -5.657687208445197902e-01 -4.081606943687632882e-01 -4.470019178020556705e-01
-5.221143777984423029e-02 -7.551536651110113407e-01 5.004635954904328443e-01 9.650119285328820906e-01 3.256027976933921764e-01
4.901499558510497012e-02 -2.245038561665256560e-01 -1.771538004411947476e-01 2.398652481907537493e-01 6.675701251249422929e-01
-2.773133859907695453e-01 -9.921145456884552030e-03 -3.054468471266124086e-01 7.519171582059978043e-01 -3.069855564163840450e-02
1.844708890769855836e-01 7.724946469133364690e-01 2.748863964364519630e-01 4.491159467555898011e-01 -1.787753945237134934e-01
-2.516692743825142964e-01 -5.250081256718300837e-01 4.189027184768663314e-01 -3.493804198580507392e-01 -8.872412353782145322e-01
2.473458768043472478e-01 3.310922653287060036e-01 7.416876710904288239e-02 1.073393339561520277e-01 8.959106832864806025e-01
