3.418276011530162473e-01 4.182054165557287928e-01 6.104898588034878282e-01
-7.154111791025367928e-02 1.423204427015923312e-01 5.426064730616160237e-01
-1.931282296091356432e-01 -5.776500168240197297e-01 -5.745378190529668583e-01
3.347651784119254903e-01 5.582621461191197287e-01 3.777795439185738235e-01
6.177399481451281010e-02 -2.466281643090848241e-01 2.770465968463586282e-01
4.920236525428700047e-01 7.288605081691490462e-01 4.263942038249989852e-01
-4.424867806190105335e-01 -3.909136398761916542e-01 -4.522071131428385682e-01
-2.510111466426750981e-01 -3.180289615080698629e-01 -4.708773494622599531e-01
1.309045536032820041e-02 4.595781981290340545e-01 -2.946095149259548296e-01
-1.397639927174154917e-01 -6.119147401826037502e-02 -3.697077322328880533e-01
-2.983857082223735913e-01 -6.699799299810568209e-01 -4.620188465685876600e-01
5.553483371414460329e-02 3.117396871760604316e-01 2.515571582549268048e-01
3.020873392995848672e-01 7.414322868510543341e-01 8.519258482916288733e-01
1.877728345162107682e-01 3.517238589423077877e-01 5.761220645661887518e-01
-4.495437672185603750e-01 -1.769810464302027375e-01 -1.988504421407837619e-01
-2.717245546229510311e-01 -4.944405504690659314e-01 -7.466273193272562336e-01
5.480996811223617371e-01 3.364519761019224564e-01 2.647638638011076684e-01
3.013081349430833389e-01 -1.341623503405372231e-01 -7.277201630717496927e-01
-3.307006951000479589e-01 2.196717951260170887e-01 3.967491326611958247e-01
-1.233903851102269300e-01 -8.309175660296290455e-02 5.539430884304155089e-01
3.622783642884753325e-02 5.608684616119965494e-01 5.392616367476501527e-01
5.098664666685331914e-01 5.376237104930491340e-01 3.001478036511242564e-01
3.024787841702698821e-02 -6.232775268269642038e-02 2.765222940461582457e-01
2.445347619034053122e-01 -1.624680206115284298e-01 -8.587990471802325887e-02
-2.909079195191491829e-01 -2.150534486832803571e-01 -7.737335021058473483e-01
8.210863716802556389e-02 7.213757442139739906e-01 7.885474169020854074e-01
3.732172193160072649e-01 3.371405533502297991e-01 3.961902741561695307e-01
8.607322448166726536e-02 5.662355797428832993e-01 6.320794350318097443e-01
-3.205538814632925559e-01 -3.436468934727980873e-01 -2.143939071465150378e-02
-8.170329934162240404e-02 -5.386334798816428959e-01 -7.115421751406990625e-01
-1.658822497637077731e-01 5.062426936596993166e-01 5.580912899530239279e-01
-8.610921000621263310e-02 -4.942827932941425417e-01 -9.106202431371016037e-02
